0.00
0.00
0.00
0.00
0.00
0.00
0.00
0.00
0.00
0.21
0.25
0.33
0.33
0.38
0.38
0.42
0.50
0.60
0.69
0.62
0.62
0.54
0.69
0.75
0.69
0.65
0.54
0.56
0.62
0.81
0.75
0.71
0.79
0.67
0.69
0.65
0.77
0.71
0.77
0.85
0.85
0.85
0.83
0.83
0.81
0.83
0.85
0.69
0.81
0.69
0.88
0.85
0.88
0.92
0.79
0.81
0.77
0.69
0.81
0.75
0.79
0.65
0.77
0.79
0.62
0.75
0.81
0.77
0.77
0.79
0.79
0.85
0.85
0.77
0.83
0.96
0.71
0.83
0.81
0.81
0.92
0.79
0.83
0.81
0.83
0.85
0.81
0.88
0.85
0.81
0.85
0.71
0.71
0.62
0.77
0.62
0.73
0.71
0.60
0.83
0.67
0.79
0.79
0.79
0.79
0.85
0.69
0.77
0.75
0.71
0.77
0.77
0.73
0.73
0.81
0.73
0.71
0.83
0.79
0.83
0.79
0.79
0.77
0.69
0.77
0.73
0.73
0.69
0.79
0.73
0.85
0.71
0.90
0.79
0.77
0.90
0.79
0.67
0.90
0.83
0.83
0.94
0.92
0.88
0.88
0.92
0.88
0.85
0.85
0.85
0.77
0.79
0.88
0.90
0.83
0.85
0.85
0.88
0.81
0.81
0.81
0.83
0.77
0.81
0.88
0.81
0.88
0.81
0.83
0.88
0.81
0.90
0.94
0.94
0.94
0.90
0.83
0.94
0.85
0.88
0.65
0.85
0.85
0.83
0.83
0.73
0.71
0.65
0.96
0.92
0.85
0.94
0.96
0.96
0.92
0.94
0.92
0.88
0.88
0.92
0.90
0.94
0.92
0.83
0.96
0.96
0.88
0.92
0.92
0.94
0.96
0.90
0.85
1.00
0.96
0.96
0.92
0.92
0.94
0.96
0.88
0.92
0.92
0.90
0.90
0.88
0.90
0.92
0.94
0.94
0.94
0.90
0.92
0.92
0.92
0.90
0.88
0.90
0.92
0.92
0.88
0.88
0.90
0.83
0.90
0.92
0.81
0.79
0.79
0.85
0.83
0.85
0.75
0.90
0.85
0.85
0.88
0.83
0.85
0.83
0.88
0.88
0.85
0.81
0.85
0.75
0.81
0.88
0.92
0.85
0.85
0.85
0.83
0.79
0.77
0.77
0.88
0.79
0.81
0.88
0.90
0.92
0.92
0.88
0.92
0.92
0.81
0.85
0.85
0.88
0.90
0.90
0.81
0.81
0.79
0.90
0.90
0.81
0.81
0.75
0.79
0.83
0.90
0.81
0.85
0.79
0.79
0.81
0.85
0.71
0.90
0.88
0.90
0.81
0.83
0.73
0.81
0.79
0.75
0.81
0.83
0.79
0.77
0.83
0.73
0.71
0.79
0.81
0.83
0.79
0.85
0.81
0.79
0.79
0.85
0.90
0.90
0.88
0.90
0.92
0.94
0.94
0.92
0.92
0.83
0.88
0.90
0.85
0.92
0.94
0.81
0.81
0.88
0.90
0.83
0.88
0.85
0.90
0.88
0.92
0.81
0.85
0.90
0.88
0.85
0.85
0.79
0.81
0.79
0.83
0.85
0.88
0.85
0.85
0.81
0.79
0.88
0.90
0.83
0.85
0.90
0.90
0.92
0.88
0.92
0.88
0.88
0.88
0.88
0.90
0.83
0.90
0.88
0.83
0.85
0.85
0.85
0.88
0.81
0.88
0.83
0.85
0.85
0.77
0.81
0.81
0.81
0.79
0.69
0.67
0.81
0.83
0.85
0.85
0.88
0.85
0.85
0.83
0.85
0.81
0.88
0.90
0.92
0.92
0.85
0.85
0.94
0.90
0.94
0.88
0.90
0.90
0.83
0.90
0.79
0.85
0.90
0.90
0.88
0.94
0.85
0.90
0.94
0.85
0.90
0.92
0.77
0.85
0.88
0.81
0.77
0.92
0.96
0.88
0.85
0.94
0.88
0.92
0.90
0.88
0.85
0.81
0.85
0.83
0.85
0.83
0.81
0.77
0.81
0.81
0.85
0.79
0.73
0.79
0.85
0.85
0.83
0.79
0.85
0.88
0.85
0.85
0.85
0.85
0.75
0.83
0.83
0.88
0.88
0.85
0.85
0.79
0.92
0.83
0.85
0.81
0.88
0.88
0.88
0.85
0.77
0.75
0.75
0.62
0.73
0.83
0.83
0.75
0.92
