0.00
0.00
0.00
0.00
0.00
0.00
0.00
0.00
0.00
0.08
0.15
0.10
0.21
0.35
0.40
0.52
0.54
0.73
0.75
0.69
0.54
0.73
0.77
0.58
0.67
0.81
0.73
0.65
0.69
0.75
0.69
0.83
0.77
0.67
0.77
0.79
0.67
0.73
0.79
0.77
0.73
0.71
0.81
0.71
0.75
0.69
0.79
0.73
0.71
0.81
0.77
0.73
0.71
0.77
0.81
0.81
0.79
0.79
0.83
0.71
0.83
0.73
0.77
0.73
0.54
0.75
0.75
0.73
0.77
0.71
0.79
0.67
0.67
0.75
0.67
0.67
0.69
0.67
0.79
0.77
0.75
0.83
0.88
0.90
0.85
0.79
0.88
0.79
0.81
0.81
0.83
0.81
0.85
0.79
0.73
0.69
0.75
0.85
0.81
0.88
0.83
0.83
0.88
0.81
0.81
0.83
0.83
0.81
0.79
0.83
0.79
0.81
0.81
0.88
0.85
0.83
0.92
0.90
0.90
0.92
0.85
0.94
0.83
0.92
0.94
0.94
0.94
0.92
0.85
0.96
0.92
0.92
0.92
0.92
0.85
0.88
0.83
0.90
0.85
0.92
0.92
0.92
0.88
0.92
0.85
0.85
0.90
0.94
0.92
0.88
0.90
0.88
0.90
0.92
0.90
0.88
0.88
0.88
0.94
0.90
0.90
0.90
0.88
0.90
0.92
0.85
0.79
0.85
0.92
0.85
0.81
0.85
0.85
0.81
0.94
0.90
0.92
0.83
0.90
0.85
0.79
0.88
0.90
0.88
0.92
0.88
0.92
0.94
0.90
0.94
0.92
0.90
0.92
0.88
0.90
0.92
0.92
0.94
0.92
0.90
0.94
0.92
0.90
0.94
0.90
0.90
0.92
0.96
0.90
0.92
0.94
0.92
0.96
0.94
0.90
0.83
0.81
0.83
0.79
0.92
0.94
0.83
0.85
0.96
0.98
0.88
0.96
0.98
0.94
0.92
0.96
0.88
0.96
0.94
0.96
0.96
0.77
0.92
0.92
0.96
0.88
0.94
0.94
0.90
0.90
0.94
0.94
0.88
0.98
0.96
0.96
0.88
0.96
0.98
0.98
0.98
0.92
0.94
0.90
0.88
0.90
0.96
0.92
0.94
0.92
0.88
0.92
0.92
0.92
0.88
0.92
0.92
0.92
0.96
0.88
0.96
0.90
0.92
0.92
0.92
0.94
0.94
0.94
0.90
0.90
0.90
0.94
0.94
0.92
0.94
0.92
0.85
0.88
0.94
0.96
0.96
0.94
0.94
0.94
0.96
0.92
0.90
0.88
0.94
0.96
0.96
0.94
0.90
0.94
0.94
0.94
0.94
0.96
0.90
0.94
0.92
0.96
0.96
0.96
0.92
0.96
0.94
0.92
0.96
0.92
0.96
0.96
0.94
0.96
0.92
0.96
0.96
0.96
0.96
0.96
0.96
0.96
0.94
0.96
0.94
0.94
0.94
0.92
0.92
0.90
0.94
0.92
0.94
0.94
0.94
0.90
0.94
0.92
0.94
0.94
0.90
0.94
0.90
0.94
0.96
0.94
0.94
0.92
0.94
0.94
0.94
0.92
0.90
0.94
0.90
0.92
0.94
0.94
0.94
0.94
0.96
0.92
0.92
0.94
0.96
0.92
0.96
0.96
0.94
0.94
0.94
0.96
0.94
0.94
0.94
0.96
0.94
0.92
0.94
0.94
0.94
0.88
0.90
0.92
0.92
0.96
0.94
0.94
0.98
0.85
0.94
0.98
0.96
0.98
0.96
0.96
0.94
0.94
0.98
0.94
0.94
0.94
0.94
0.96
0.92
0.94
0.90
0.94
0.96
0.88
0.88
0.92
0.88
0.85
0.90
0.88
0.81
0.81
0.92
0.88
0.94
0.85
0.83
0.90
0.88
0.96
0.85
0.88
0.94
0.85
0.85
0.94
0.94
0.92
0.94
0.90
0.92
0.94
0.94
0.94
0.88
0.88
0.88
0.81
0.94
0.92
0.92
0.94
0.96
0.92
0.88
0.94
0.88
0.90
0.96
0.94
0.96
0.96
0.94
0.96
0.94
0.90
0.96
0.94
0.92
0.88
0.94
0.94
0.92
0.94
0.92
0.96
0.96
0.94
0.92
0.94
0.94
0.92
0.92
0.94
0.94
0.94
0.94
0.90
0.92
0.94
0.92
0.94
0.92
0.92
0.92
0.92
0.90
0.92
