0.00
0.00
0.00
0.00
0.00
0.00
0.00
0.00
0.00
0.17
0.40
0.42
0.42
0.65
0.62
0.38
0.50
0.58
0.54
0.52
0.56
0.62
0.58
0.65
0.65
0.67
0.60
0.56
0.52
0.65
0.58
0.54
0.62
0.65
0.69
0.75
0.75
0.77
0.71
0.69
0.62
0.83
0.85
0.73
0.79
0.73
0.73
0.90
0.77
0.71
0.77
0.79
0.85
0.88
0.81
0.85
0.81
0.77
0.88
0.77
0.79
0.90
0.79
0.77
0.83
0.79
0.85
0.81
0.83
0.88
0.92
0.88
0.90
0.88
0.90
0.92
0.85
0.83
0.92
0.85
0.79
0.79
0.77
0.85
0.79
0.85
0.83
0.79
0.85
0.90
0.85
0.94
0.90
0.94
0.92
0.81
0.88
0.88
0.79
0.83
0.83
0.88
0.94
0.90
0.90
0.90
0.81
0.94
0.92
0.81
0.88
0.88
0.77
0.92
0.96
0.90
0.83
0.81
0.94
0.92
0.88
0.92
0.83
0.85
0.90
0.90
0.90
0.88
0.90
0.94
0.96
0.94
0.94
0.77
0.79
0.85
0.83
0.88
0.92
0.90
0.90
0.83
0.83
0.79
0.85
0.92
0.90
0.85
0.92
0.81
0.88
0.96
0.96
0.88
0.94
0.96
0.92
0.92
0.85
0.83
0.88
0.92
0.92
0.96
0.83
0.85
0.88
0.88
0.94
0.90
0.96
0.81
0.92
0.92
0.85
0.81
0.83
0.90
0.88
0.90
0.81
0.90
0.88
0.90
0.92
0.88
0.96
0.94
0.85
0.85
0.96
0.96
0.88
0.75
0.75
0.90
0.94
0.83
0.81
0.83
0.71
0.85
0.90
0.75
0.81
0.83
0.83
0.92
0.88
0.81
0.92
0.92
0.92
0.90
0.88
0.75
0.88
0.92
0.92
0.83
0.94
0.90
0.85
0.96
0.81
0.88
0.92
0.88
0.92
0.92
0.90
0.94
0.92
0.85
0.92
0.88
0.92
0.92
0.92
0.96
0.94
0.88
0.88
0.92
0.92
0.94
0.94
0.88
0.92
0.94
0.96
0.88
0.83
0.69
0.79
0.85
0.90
0.94
0.85
0.88
0.94
0.94
0.79
0.88
0.94
0.94
0.88
0.79
0.79
0.88
0.85
0.94
0.94
0.92
0.92
0.85
0.88
0.81
0.94
0.90
0.90
0.85
0.90
0.94
0.90
0.94
0.92
0.94
0.90
0.85
0.83
0.88
0.90
0.83
0.83
0.79
0.81
0.79
0.90
0.96
0.94
0.96
0.94
0.83
0.85
0.85
0.92
0.90
0.96
0.88
0.83
0.94
0.90
0.98
0.90
0.92
0.94
0.90
0.90
0.98
0.88
0.88
0.71
0.79
0.85
0.98
0.92
0.83
0.88
0.90
0.90
0.90
0.88
0.88
0.90
0.90
0.88
0.90
0.94
0.98
0.94
0.94
0.92
0.96
0.98
0.96
0.94
0.90
0.92
0.94
0.94
0.94
0.98
0.98
0.96
0.98
0.98
0.98
0.98
0.98
0.94
0.98
0.98
0.94
0.94
0.98
0.92
0.94
0.98
0.98
0.92
0.92
0.94
0.90
0.96
0.94
0.94
0.94
0.92
0.90
0.88
0.88
0.90
0.90
0.92
0.85
0.90
0.85
0.79
0.90
0.83
0.88
0.90
0.88
0.88
0.92
0.92
0.83
0.90
0.92
0.90
0.88
0.88
0.94
0.90
0.96
0.85
0.96
0.92
0.81
0.92
0.85
0.83
0.81
0.77
0.85
0.83
0.79
0.75
0.81
0.75
0.77
0.88
0.83
0.71
0.71
0.75
0.90
0.85
0.94
0.85
0.96
0.79
0.92
0.90
0.94
0.88
0.94
0.92
0.98
0.96
0.94
0.83
0.98
0.90
0.88
0.71
0.88
0.88
0.83
0.94
0.88
0.96
0.85
0.90
0.92
0.81
0.98
0.94
1.00
0.94
0.98
0.98
0.94
0.94
0.90
0.98
0.90
0.96
0.98
0.98
0.96
0.98
0.98
0.94
0.92
0.90
0.85
0.88
0.96
0.94
0.96
0.98
0.92
0.98
0.98
0.98
0.96
0.98
0.98
0.96
0.96
0.96
0.92
0.90
0.94
0.75
0.94
0.98
0.94
1.00
0.98
1.00
0.96
1.00
0.96
0.90
0.96
0.90
