0.00
0.00
0.00
0.00
0.00
0.00
0.00
0.00
0.00
0.12
0.08
0.06
0.27
0.04
0.06
0.10
0.12
0.04
0.08
0.04
0.06
0.23
0.12
0.25
0.23
0.23
0.17
0.23
0.21
0.25
0.19
0.31
0.40
0.31
0.33
0.33
0.46
0.31
0.27
0.35
0.27
0.29
0.27
0.31
0.27
0.23
0.29
0.27
0.35
0.40
0.27
0.15
0.12
0.10
0.19
0.29
0.23
0.33
0.31
0.38
0.46
0.40
0.44
0.44
0.48
0.42
0.38
0.48
0.42
0.27
0.27
0.23
0.31
0.10
0.12
0.10
0.08
0.12
0.23
0.17
0.17
0.23
0.25
0.25
0.29
0.23
0.35
0.21
0.29
0.38
0.31
0.40
0.44
0.38
0.42
0.42
0.44
0.44
0.42
0.44
0.46
0.52
0.42
0.46
0.46
0.38
0.48
0.40
0.31
0.54
0.46
0.44
0.56
0.56
0.54
0.60
0.52
0.44
0.52
0.65
0.65
0.73
0.56
0.54
0.54
0.67
0.67
0.65
0.73
0.67
0.71
0.67
0.81
0.69
0.67
0.62
0.69
0.71
0.69
0.67
0.60
0.67
0.60
0.69
0.77
0.69
0.71
0.67
0.77
0.60
0.62
0.71
0.73
0.69
0.73
0.73
0.75
0.67
0.44
0.58
0.73
0.60
0.65
0.56
0.77
0.71
0.69
0.60
0.75
0.60
0.75
0.60
0.71
0.71
0.69
0.69
0.67
0.58
0.69
0.69
0.67
0.62
0.52
0.56
0.71
0.65
0.67
0.69
0.71
0.71
0.73
0.73
0.71
0.69
0.69
0.67
0.62
0.75
0.65
0.67
0.65
0.71
0.65
0.60
0.62
0.56
0.71
0.67
0.62
0.62
0.67
0.73
0.71
0.71
0.73
0.79
0.73
0.71
0.69
0.67
0.71
0.75
0.69
0.69
0.73
0.77
0.73
0.69
0.58
0.60
0.67
0.69
0.73
0.77
0.69
0.75
0.73
0.77
0.75
0.71
0.75
0.75
0.73
0.60
0.73
0.77
0.69
0.65
0.62
0.71
0.75
0.67
0.71
0.60
0.73
0.71
0.71
0.69
0.67
0.69
0.67
0.65
0.65
0.67
0.71
0.75
0.77
0.62
0.75
0.73
0.77
0.69
0.67
0.67
0.60
0.52
0.58
0.56
0.67
0.52
0.62
0.60
0.69
0.75
0.73
0.65
0.79
0.60
0.73
0.77
0.79
0.77
0.79
0.75
0.73
0.71
0.73
0.77
0.75
0.71
0.69
0.75
0.77
0.79
0.77
0.79
0.73
0.71
0.71
0.75
0.75
0.69
0.69
0.75
0.77
0.73
0.67
0.71
0.71
0.75
0.67
0.71
0.67
0.73
0.81
0.79
0.79
0.69
0.73
0.77
0.83
0.67
0.69
0.65
0.67
0.67
0.75
0.77
0.83
0.69
0.77
0.81
0.77
0.77
0.71
0.77
0.65
0.75
0.73
0.77
0.77
0.79
0.54
0.83
0.62
0.67
0.60
0.65
0.73
0.73
0.69
0.79
0.79
0.71
0.54
0.79
0.75
0.77
0.79
0.73
0.73
0.81
0.69
0.71
0.75
0.77
0.83
0.75
0.77
0.90
0.81
0.83
0.79
0.81
0.85
0.85
0.83
0.83
0.85
0.88
0.88
0.83
0.85
0.85
0.71
0.79
0.83
0.83
0.83
0.88
0.85
0.83
0.83
0.83
0.83
0.83
0.83
0.81
0.69
0.73
0.77
0.75
0.79
0.81
0.79
0.81
0.88
0.85
0.77
0.73
0.81
0.75
0.73
0.65
0.75
0.81
0.73
0.81
0.79
0.69
0.75
0.77
0.77
0.67
0.75
0.69
0.81
0.77
0.79
0.81
0.81
0.77
0.73
0.65
0.60
0.65
0.65
0.60
0.73
0.65
0.75
0.67
0.75
0.67
0.67
0.71
0.73
0.69
0.56
0.77
0.67
0.62
0.56
0.69
0.69
0.69
0.77
0.71
0.75
0.75
0.67
0.65
0.75
0.65
0.56
0.62
0.79
0.81
0.77
0.73
0.77
0.77
0.77
0.79
0.85
0.81
0.77
0.85
0.83
0.85
0.79
0.71
0.67
0.79
0.73
0.71
0.71
0.71
0.65
0.71
0.62
0.62
0.71
0.67
0.81
0.79
0.67
0.65
0.73
