0.00
0.00
0.00
0.00
0.00
0.00
0.00
0.00
0.00
0.00
0.25
0.12
0.12
0.23
0.19
0.19
0.06
0.19
0.08
0.06
0.12
0.10
0.12
0.17
0.00
0.04
0.15
0.15
0.21
0.25
0.21
0.08
0.12
0.31
0.21
0.27
0.35
0.42
0.23
0.33
0.27
0.25
0.23
0.23
0.21
0.23
0.25
0.27
0.15
0.29
0.25
0.23
0.23
0.25
0.25
0.23
0.29
0.25
0.25
0.33
0.38
0.33
0.40
0.35
0.25
0.25
0.33
0.29
0.40
0.31
0.35
0.40
0.42
0.31
0.42
0.44
0.48
0.52
0.52
0.54
0.60
0.52
0.54
0.54
0.50
0.52
0.50
0.54
0.48
0.50
0.48
0.44
0.42
0.56
0.50
0.50
0.44
0.35
0.48
0.48
0.56
0.48
0.54
0.48
0.50
0.48
0.50
0.52
0.52
0.52
0.60
0.52
0.50
0.54
0.56
0.52
0.60
0.60
0.54
0.60
0.60
0.52
0.48
0.54
0.60
0.65
0.58
0.58
0.58
0.60
0.52
0.56
0.58
0.52
0.58
0.62
0.65
0.65
0.54
0.65
0.67
0.60
0.56
0.60
0.58
0.62
0.54
0.54
0.54
0.54
0.56
0.60
0.60
0.58
0.67
0.67
0.62
0.69
0.62
0.69
0.56
0.75
0.73
0.77
0.71
0.60
0.65
0.79
0.65
0.65
0.71
0.65
0.79
0.71
0.75
0.71
0.73
0.77
0.77
0.73
0.77
0.81
0.79
0.71
0.81
0.81
0.85
0.81
0.81
0.81
0.79
0.83
0.83
0.83
0.83
0.81
0.79
0.81
0.81
0.79
0.79
0.83
0.85
0.75
0.83
0.83
0.85
0.85
0.85
0.88
0.90
0.90
0.90
0.90
0.83
0.85
0.88
0.92
0.90
0.85
0.83
0.92
0.90
0.81
0.75
0.88
0.85
0.88
0.81
0.85
0.88
0.85
0.88
0.90
0.88
0.90
0.88
0.88
0.90
0.88
0.90
0.90
0.88
0.92
0.92
0.90
0.90
0.88
0.88
0.92
0.92
0.90
0.90
0.92
0.94
0.92
0.90
0.88
0.90
0.92
0.92
0.92
0.92
0.90
0.92
0.92
0.92
0.85
0.92
0.92
0.92
0.92
0.92
0.94
0.92
0.94
0.88
0.90
0.92
0.90
0.92
0.81
0.88
0.85
0.90
0.90
0.88
0.92
0.88
0.90
0.90
0.85
0.88
0.81
0.92
0.88
0.92
0.92
0.83
0.83
0.81
0.94
0.88
0.90
0.90
0.81
0.90
0.92
0.92
0.92
0.92
0.94
0.94
0.94
0.92
0.90
0.96
0.94
0.92
0.92
0.88
0.92
0.88
0.90
0.92
0.92
0.88
0.90
0.92
0.92
0.90
0.92
0.90
0.85
0.90
0.85
0.85
0.83
0.92
0.83
0.85
0.92
0.88
0.92
0.92
0.92
0.92
0.90
0.83
0.77
0.90
0.90
0.94
0.92
0.94
0.94
0.92
0.92
0.94
0.92
0.94
0.94
0.94
0.90
0.83
0.94
0.94
0.94
0.92
0.94
0.94
0.94
0.94
0.92
0.92
0.94
0.94
0.94
0.94
0.92
0.90
0.90
0.94
0.92
0.90
0.83
0.94
0.94
0.92
0.92
0.94
0.88
0.90
0.92
0.85
0.88
0.96
0.92
0.92
0.92
0.92
0.96
0.94
0.94
0.94
0.96
0.96
0.94
0.94
0.83
0.94
0.94
0.94
0.92
0.96
0.96
0.96
0.94
0.96
0.96
0.94
0.94
0.92
0.88
0.96
0.92
0.96
0.94
0.83
0.94
0.92
0.90
0.92
0.90
0.98
0.94
0.94
0.96
0.85
0.98
0.96
0.88
0.94
0.96
0.96
0.92
0.85
0.96
0.83
0.85
0.90
0.81
0.88
0.85
0.90
0.90
0.83
0.92
0.85
0.77
0.81
0.88
0.90
0.92
0.94
0.88
0.85
0.79
0.75
0.83
0.85
0.92
0.94
0.92
0.88
0.81
0.85
0.88
0.88
0.83
0.90
0.92
0.92
0.88
0.88
0.83
0.92
0.90
0.88
0.92
0.92
0.90
0.94
0.94
0.94
0.92
0.77
0.92
0.94
0.88
0.90
0.90
0.88
0.77
0.88
0.88
0.92
0.94
0.92
