0.00
0.00
0.00
0.00
0.00
0.00
0.00
0.00
0.04
0.10
0.12
0.25
0.10
0.25
0.08
0.17
0.04
0.04
0.04
0.08
0.04
0.00
0.12
0.12
0.06
0.25
0.15
0.25
0.29
0.27
0.12
0.15
0.25
0.25
0.19
0.12
0.19
0.29
0.17
0.17
0.08
0.08
0.17
0.12
0.10
0.29
0.19
0.17
0.12
0.27
0.42
0.40
0.27
0.31
0.29
0.31
0.19
0.44
0.48
0.38
0.31
0.40
0.42
0.46
0.38
0.35
0.33
0.25
0.25
0.29
0.27
0.31
0.40
0.38
0.40
0.40
0.44
0.46
0.42
0.44
0.46
0.46
0.38
0.40
0.35
0.50
0.38
0.35
0.44
0.52
0.52
0.48
0.42
0.58
0.46
0.44
0.48
0.31
0.50
0.48
0.48
0.56
0.46
0.50
0.48
0.50
0.48
0.52
0.52
0.58
0.56
0.54
0.54
0.56
0.56
0.56
0.56
0.52
0.42
0.48
0.50
0.54
0.58
0.56
0.60
0.52
0.52
0.56
0.46
0.54
0.54
0.52
0.52
0.54
0.62
0.60
0.65
0.60
0.67
0.62
0.62
0.58
0.60
0.58
0.60
0.54
0.60
0.62
0.58
0.65
0.62
0.62
0.65
0.65
0.60
0.65
0.69
0.60
0.62
0.62
0.65
0.62
0.67
0.65
0.67
0.67
0.65
0.67
0.69
0.67
0.71
0.79
0.73
0.71
0.71
0.71
0.77
0.79
0.83
0.75
0.77
0.73
0.73
0.67
0.77
0.77
0.75
0.75
0.69
0.79
0.79
0.77
0.79
0.77
0.79
0.85
0.83
0.83
0.81
0.88
0.83
0.77
0.81
0.83
0.79
0.81
0.75
0.81
0.85
0.90
0.81
0.81
0.83
0.81
0.75
0.79
0.77
0.77
0.77
0.83
0.81
0.81
0.81
0.85
0.83
0.79
0.73
0.79
0.79
0.71
0.79
0.69
0.75
0.58
0.60
0.71
0.71
0.71
0.71
0.75
0.73
0.67
0.67
0.73
0.58
0.62
0.62
0.75
0.77
0.81
0.73
0.77
0.77
0.75
0.71
0.81
0.81
0.79
0.79
0.77
0.79
0.81
0.75
0.79
0.71
0.67
0.75
0.73
0.67
0.77
0.77
0.79
0.77
0.77
0.77
0.71
0.77
0.79
0.79
0.81
0.83
0.83
0.77
0.77
0.75
0.83
0.77
0.79
0.77
0.73
0.69
0.75
0.81
0.77
0.85
0.81
0.69
0.79
0.83
0.81
0.79
0.77
0.81
0.81
0.77
0.77
0.77
0.79
0.79
0.77
0.83
0.81
0.85
0.81
0.88
0.83
0.85
0.88
0.85
0.85
0.79
0.83
0.79
0.88
0.85
0.79
0.77
0.85
0.81
0.67
0.75
0.79
0.83
0.81
0.81
0.81
0.85
0.79
0.73
0.73
0.75
0.75
0.67
0.71
0.56
0.77
0.73
0.69
0.79
0.83
0.75
0.75
0.73
0.77
0.79
0.73
0.77
0.85
0.75
0.71
0.79
0.88
0.85
0.85
0.90
0.90
0.90
0.88
0.85
0.88
0.88
0.83
0.83
0.83
0.88
0.90
0.85
0.83
0.83
0.85
0.83
0.81
0.83
0.85
0.81
0.79
0.77
0.54
0.69
0.79
0.83
0.83
0.85
0.79
0.83
0.77
0.79
0.88
0.79
0.81
0.83
0.83
0.75
0.88
0.88
0.88
0.90
0.92
0.94
0.90
0.90
0.90
0.85
0.92
0.88
0.88
0.96
0.92
0.90
0.90
0.88
0.92
0.90
0.88
0.88
0.88
0.88
0.88
0.92
0.92
0.92
0.92
0.94
0.92
0.90
0.90
0.88
0.81
0.85
0.90
0.85
0.88
0.90
0.90
0.90
0.94
0.90
0.92
0.92
0.92
0.92
0.90
0.88
0.90
0.92
0.92
0.94
0.90
0.96
0.92
0.94
0.88
0.90
0.85
0.85
0.85
0.81
0.90
0.90
0.88
0.88
0.92
0.96
0.94
0.88
0.81
0.96
0.85
0.88
0.92
0.96
0.92
0.85
0.77
0.81
0.96
0.96
0.90
0.88
0.92
0.90
0.88
0.85
0.94
0.92
0.94
0.92
0.94
0.94
0.98
0.98
0.90
0.94
0.92
0.88
0.90
0.98
0.98
