0.00
0.00
0.00
0.00
0.00
0.00
0.00
0.00
0.00
0.04
0.15
0.15
0.25
0.25
0.29
0.25
0.21
0.33
0.38
0.27
0.27
0.31
0.38
0.33
0.46
0.35
0.25
0.29
0.40
0.25
0.46
0.48
0.50
0.46
0.48
0.56
0.46
0.58
0.42
0.52
0.56
0.38
0.42
0.56
0.60
0.50
0.54
0.52
0.44
0.21
0.40
0.31
0.29
0.31
0.27
0.48
0.44
0.44
0.54
0.29
0.48
0.46
0.48
0.50
0.58
0.52
0.62
0.54
0.50
0.38
0.54
0.42
0.50
0.44
0.50
0.58
0.44
0.31
0.29
0.35
0.46
0.58
0.52
0.50
0.44
0.56
0.52
0.46
0.54
0.52
0.58
0.54
0.54
0.46
0.48
0.60
0.42
0.44
0.50
0.46
0.50
0.58
0.27
0.46
0.58
0.50
0.40
0.48
0.62
0.54
0.50
0.52
0.56
0.60
0.58
0.46
0.40
0.46
0.52
0.48
0.46
0.44
0.35
0.50
0.46
0.52
0.44
0.48
0.31
0.52
0.35
0.54
0.62
0.52
0.67
0.60
0.56
0.58
0.65
0.56
0.60
0.58
0.54
0.62
0.60
0.65
0.60
0.56
0.58
0.58
0.77
0.67
0.73
0.60
0.67
0.75
0.69
0.60
0.58
0.60
0.67
0.58
0.44
0.67
0.54
0.58
0.62
0.60
0.58
0.62
0.60
0.62
0.42
0.42
0.58
0.27
0.44
0.52
0.58
0.48
0.46
0.52
0.62
0.73
0.67
0.46
0.44
0.54
0.48
0.46
0.29
0.29
0.38
0.44
0.48
0.48
0.48
0.46
0.46
0.44
0.52
0.54
0.46
0.50
0.52
0.50
0.50
0.54
0.54
0.60
0.54
0.50
0.38
0.46
0.42
0.48
0.60
0.56
0.56
0.60
0.50
0.60
0.62
0.65
0.52
0.58
0.50
0.69
0.65
0.58
0.48
0.48
0.62
0.60
0.62
0.54
0.60
0.58
0.60
0.62
0.52
0.48
0.54
0.46
0.67
0.69
0.69
0.56
0.60
0.54
0.46
0.65
0.65
0.54
0.67
0.67
0.54
0.46
0.40
0.38
0.46
0.35
0.33
0.54
0.48
0.60
0.60
0.62
0.73
0.71
0.62
0.58
0.62
0.56
0.42
0.48
0.44
0.38
0.48
0.50
0.42
0.58
0.52
0.56
0.65
0.52
0.54
0.44
0.42
0.50
0.42
0.48
0.56
0.54
0.46
0.50
0.56
0.67
0.54
0.52
0.38
0.46
0.50
0.44
0.40
0.48
0.62
0.60
0.50
0.42
0.48
0.50
0.46
0.44
0.44
0.38
0.46
0.50
0.50
0.65
0.52
0.52
0.58
0.60
0.71
0.60
0.69
0.71
0.77
0.73
0.71
0.75
0.69
0.73
0.60
0.67
0.60
0.52
0.35
0.65
0.62
0.67
0.60
0.35
0.56
0.46
0.75
0.58
0.54
0.42
0.65
0.62
0.71
0.58
0.58
0.58
0.46
0.48
0.62
0.52
0.48
0.58
0.62
0.62
0.73
0.65
0.56
0.67
0.62
0.65
0.60
0.65
0.58
0.58
0.65
0.52
0.42
0.42
0.44
0.33
0.40
0.62
0.44
0.48
0.33
0.58
0.60
0.73
0.67
0.73
0.65
0.52
0.38
0.38
0.54
0.56
0.48
0.44
0.31
0.60
0.46
0.33
0.38
0.50
0.31
0.52
0.52
0.38
0.46
0.44
0.44
0.56
0.56
0.56
0.46
0.50
0.48
0.44
0.38
0.42
0.48
0.54
0.52
0.58
0.56
0.56
0.54
0.56
0.56
0.65
0.52
0.52
0.50
0.58
0.58
0.60
0.69
0.56
0.52
0.52
0.52
0.23
0.44
0.52
0.48
0.56
0.54
0.44
0.42
0.58
0.56
0.52
0.56
0.42
0.23
0.54
0.60
0.48
0.65
0.58
0.50
0.62
0.56
0.60
0.67
0.60
0.33
0.44
0.44
0.50
0.56
0.48
0.54
0.58
0.50
0.60
0.46
0.54
0.50
0.65
0.56
0.58
0.58
0.58
0.58
0.50
0.58
0.58
0.50
0.62
0.52
0.52
0.58
0.62
0.65
0.52
0.44
0.44
0.48
0.56
0.56
0.52
0.54
0.56
0.58
0.52
0.54
0.56
0.54
