0.00
0.00
0.00
0.00
0.00
0.00
0.00
0.00
0.00
0.08
0.17
0.15
0.27
0.46
0.44
0.12
0.17
0.38
0.40
0.25
0.25
0.21
0.25
0.31
0.21
0.40
0.29
0.40
0.42
0.46
0.42
0.17
0.46
0.35
0.40
0.48
0.27
0.31
0.38
0.38
0.38
0.25
0.25
0.38
0.46
0.42
0.42
0.31
0.25
0.19
0.33
0.29
0.44
0.31
0.40
0.31
0.33
0.40
0.38
0.35
0.27
0.27
0.40
0.40
0.48
0.38
0.42
0.52
0.33
0.19
0.46
0.42
0.50
0.54
0.33
0.44
0.40
0.52
0.52
0.42
0.56
0.40
0.50
0.38
0.40
0.40
0.29
0.33
0.35
0.38
0.31
0.42
0.31
0.38
0.31
0.38
0.40
0.38
0.50
0.62
0.31
0.42
0.56
0.38
0.46
0.54
0.58
0.56
0.52
0.38
0.54
0.56
0.48
0.38
0.48
0.65
0.56
0.52
0.60
0.60
0.65
0.56
0.48
0.69
0.71
0.56
0.67
0.73
0.73
0.77
0.75
0.71
0.54
0.65
0.67
0.52
0.48
0.48
0.75
0.60
0.52
0.62
0.58
0.48
0.73
0.60
0.58
0.67
0.52
0.67
0.56
0.67
0.60
0.62
0.58
0.60
0.48
0.46
0.54
0.50
0.50
0.50
0.52
0.52
0.40
0.35
0.33
0.31
0.56
0.35
0.62
0.58
0.50
0.46
0.44
0.29
0.48
0.46
0.54
0.46
0.65
0.58
0.38
0.35
0.44
0.42
0.48
0.48
0.38
0.27
0.27
0.42
0.40
0.33
0.27
0.21
0.38
0.44
0.35
0.46
0.50
0.62
0.42
0.50
0.54
0.60
0.60
0.62
0.62
0.60
0.44
0.52
0.56
0.56
0.48
0.50
0.56
0.58
0.62
0.52
0.67
0.69
0.54
0.54
0.54
0.54
0.60
0.67
0.60
0.60
0.56
0.67
0.67
0.60
0.52
0.60
0.58
0.56
0.65
0.44
0.71
0.71
0.56
0.52
0.52
0.56
0.69
0.71
0.71
0.60
0.56
0.69
0.65
0.67
0.56
0.31
0.50
0.42
0.38
0.48
0.48
0.42
0.31
0.48
0.46
0.25
0.48
0.42
0.58
0.58
0.48
0.42
0.40
0.48
0.40
0.25
0.52
0.46
0.54
0.42
0.40
0.40
0.48
0.50
0.35
0.38
0.40
0.42
0.38
0.54
0.35
0.54
0.33
0.44
0.60
0.60
0.31
0.58
0.42
0.62
0.21
0.58
0.48
0.42
0.46
0.35
0.23
0.33
0.35
0.48
0.40
0.54
0.35
0.42
0.44
0.27
0.56
0.52
0.58
0.31
0.35
0.48
0.48
0.46
0.38
0.40
0.44
0.35
0.40
0.38
0.44
0.38
0.19
0.31
0.38
0.48
0.33
0.35
0.27
0.33
0.60
0.42
0.50
0.35
0.52
0.58
0.52
0.44
0.50
0.62
0.35
0.56
0.52
0.52
0.54
0.46
0.52
0.52
0.42
0.42
0.42
0.42
0.50
0.40
0.35
0.38
0.38
0.44
0.50
0.46
0.42
0.52
0.38
0.42
0.42
0.33
0.52
0.35
0.27
0.33
0.25
0.48
0.46
0.56
0.38
0.48
0.44
0.35
0.35
0.33
0.31
0.40
0.35
0.33
0.54
0.38
0.48
0.35
0.35
0.38
0.50
0.38
0.23
0.25
0.25
0.27
0.25
0.33
0.33
0.38
0.29
0.27
0.35
0.33
0.17
0.29
0.35
0.38
0.50
0.35
0.50
0.52
0.48
0.48
0.42
0.35
0.40
0.40
0.54
0.35
0.50
0.46
0.50
0.44
0.52
0.58
0.42
0.33
0.52
0.40
0.40
0.27
0.52
0.44
0.58
0.46
0.23
0.56
0.56
0.54
0.52
0.44
0.35
0.42
0.52
0.38
0.60
0.54
0.44
0.50
0.50
0.58
0.52
0.62
0.50
0.54
0.50
0.54
0.60
0.54
0.38
0.25
0.52
0.42
0.46
0.42
0.50
0.48
0.46
0.44
0.31
0.48
0.48
0.52
0.44
0.33
0.35
0.40
0.35
0.52
0.35
0.38
0.33
0.40
0.40
0.44
0.46
0.35
0.40
0.48
0.33
0.19
0.31
0.33
0.42
0.48
0.46
0.52
0.40
