0.00
0.00
0.00
0.00
0.00
0.00
0.00
0.00
0.00
0.19
0.19
0.35
0.29
0.19
0.29
0.38
0.44
0.35
0.35
0.27
0.25
0.23
0.33
0.33
0.35
0.31
0.27
0.38
0.48
0.48
0.33
0.35
0.40
0.44
0.38
0.42
0.44
0.42
0.33
0.38
0.21
0.12
0.35
0.33
0.44
0.38
0.42
0.48
0.44
0.44
0.40
0.56
0.38
0.40
0.50
0.46
0.50
0.54
0.50
0.54
0.77
0.67
0.56
0.65
0.42
0.46
0.46
0.38
0.42
0.35
0.40
0.38
0.38
0.50
0.50
0.42
0.40
0.38
0.46
0.52
0.46
0.29
0.31
0.48
0.56
0.50
0.52
0.52
0.69
0.50
0.56
0.46
0.46
0.35
0.38
0.44
0.35
0.38
0.38
0.50
0.29
0.27
0.35
0.35
0.62
0.44
0.38
0.31
0.40
0.33
0.42
0.35
0.21
0.25
0.29
0.25
0.23
0.12
0.08
0.06
0.29
0.23
0.29
0.31
0.46
0.44
0.62
0.50
0.50
0.40
0.29
0.38
0.42
0.50
0.42
0.27
0.33
0.21
0.29
0.23
0.42
0.35
0.17
0.29
0.35
0.29
0.38
0.44
0.33
0.44
0.48
0.69
0.56
0.42
0.42
0.25
0.33
0.46
0.27
0.35
0.46
0.27
0.23
0.29
0.29
0.19
0.44
0.38
0.40
0.50
0.42
0.50
0.46
0.44
0.33
0.46
0.35
0.38
0.40
0.52
0.31
0.35
0.38
0.33
0.27
0.44
0.35
0.33
0.29
0.17
0.31
0.21
0.15
0.35
0.17
0.31
0.31
0.42
0.40
0.27
0.46
0.40
0.46
0.50
0.56
0.52
0.42
0.46
0.48
0.54
0.56
0.46
0.65
0.44
0.46
0.38
0.60
0.58
0.48
0.60
0.58
0.54
0.44
0.60
0.52
0.60
0.60
0.56
0.48
0.69
0.56
0.67
0.60
0.54
0.58
0.62
0.52
0.69
0.50
0.56
0.46
0.67
0.52
0.62
0.58
0.52
0.54
0.60
0.54
0.60
0.56
0.69
0.38
0.42
0.42
0.60
0.54
0.54
0.46
0.58
0.56
0.58
0.65
0.52
0.60
0.52
0.58
0.54
0.44
0.56
0.56
0.54
0.56
0.54
0.50
0.46
0.56
0.54
0.50
0.58
0.54
0.67
0.60
0.54
0.65
0.73
0.71
0.71
0.67
0.67
0.65
0.71
0.71
0.75
0.79
0.65
0.67
0.69
0.71
0.65
0.75
0.75
0.71
0.58
0.73
0.67
0.69
0.69
0.71
0.60
0.62
0.60
0.71
0.65
0.65
0.69
0.65
0.73
0.75
0.73
0.73
0.75
0.65
0.69
0.71
0.75
0.73
0.67
0.77
0.81
0.79
0.71
0.65
0.73
0.75
0.75
0.79
0.81
0.67
0.73
0.79
0.75
0.73
0.69
0.67
0.69
0.77
0.69
0.69
0.69
0.67
0.73
0.69
0.65
0.77
0.69
0.75
0.69
0.73
0.75
0.73
0.67
0.79
0.81
0.65
0.71
0.56
0.54
0.67
0.62
0.62
0.62
0.58
0.65
0.73
0.71
0.73
0.77
0.73
0.65
0.69
0.73
0.69
0.77
0.71
0.69
0.81
0.83
0.75
0.73
0.75
0.77
0.73
0.60
0.69
0.73
0.75
0.77
0.75
0.79
0.77
0.73
0.67
0.69
0.69
0.75
0.69
0.75
0.71
0.69
0.67
0.75
0.81
0.81
0.83
0.83
0.85
0.77
0.69
0.75
0.67
0.73
0.67
0.71
0.75
0.69
0.69
0.73
0.62
0.38
0.52
0.77
0.67
0.77
0.77
0.79
0.75
0.75
0.75
0.83
0.75
0.75
0.75
0.71
0.73
0.71
0.73
0.73
0.58
0.65
0.62
0.65
0.65
0.67
0.69
0.83
0.69
0.69
0.62
0.67
0.54
0.62
0.50
0.56
0.67
0.56
0.69
0.58
0.62
0.73
0.71
0.73
0.73
0.73
0.81
0.85
0.77
0.77
0.79
0.77
0.73
0.67
0.62
0.65
0.62
0.67
0.77
0.69
0.69
0.75
0.71
0.81
0.85
0.81
0.79
0.81
0.83
0.85
0.83
0.85
0.85
0.85
0.85
0.85
0.83
0.79
0.90
0.85
0.85
