0.00
0.00
0.00
0.00
0.00
0.00
0.00
0.00
0.00
0.15
0.31
0.15
0.08
0.31
0.27
0.29
0.21
0.33
0.33
0.19
0.19
0.25
0.31
0.33
0.23
0.31
0.15
0.21
0.29
0.25
0.12
0.23
0.21
0.25
0.23
0.04
0.15
0.19
0.15
0.12
0.25
0.31
0.29
0.50
0.25
0.31
0.19
0.21
0.29
0.15
0.21
0.33
0.23
0.27
0.12
0.17
0.12
0.19
0.17
0.12
0.17
0.15
0.15
0.23
0.29
0.21
0.33
0.40
0.29
0.29
0.35
0.25
0.27
0.21
0.21
0.23
0.21
0.31
0.33
0.48
0.31
0.38
0.38
0.42
0.31
0.42
0.35
0.31
0.38
0.44
0.38
0.38
0.42
0.29
0.27
0.33
0.33
0.29
0.33
0.38
0.23
0.42
0.42
0.31
0.38
0.25
0.46
0.33
0.35
0.29
0.27
0.31
0.44
0.31
0.31
0.35
0.35
0.31
0.38
0.44
0.50
0.33
0.50
0.29
0.33
0.21
0.27
0.25
0.19
0.33
0.38
0.38
0.33
0.27
0.42
0.31
0.33
0.25
0.27
0.23
0.33
0.40
0.27
0.21
0.12
0.21
0.25
0.15
0.35
0.21
0.25
0.27
0.27
0.35
0.10
0.23
0.08
0.21
0.27
0.35
0.23
0.29
0.29
0.21
0.12
0.04
0.19
0.17
0.27
0.27
0.23
0.25
0.29
0.17
0.27
0.25
0.17
0.33
0.38
0.40
0.29
0.35
0.40
0.21
0.17
0.21
0.23
0.33
0.33
0.35
0.35
0.27
0.15
0.25
0.23
0.19
0.21
0.27
0.31
0.23
0.25
0.23
0.08
0.21
0.23
0.04
0.08
0.08
0.23
0.12
0.08
0.04
0.12
0.31
0.17
0.08
0.17
0.29
0.17
0.10
0.21
0.15
0.10
0.19
0.17
0.21
0.29
0.29
0.44
0.17
0.29
0.31
0.25
0.23
0.29
0.25
0.19
0.10
0.25
0.33
0.33
0.04
0.12
0.17
0.29
0.31
0.31
0.29
0.44
0.25
0.35
0.35
0.42
0.35
0.38
0.33
0.15
0.21
0.23
0.15
0.23
0.19
0.23
0.21
0.21
0.17
0.21
0.15
0.15
0.12
0.25
0.21
0.06
0.12
0.08
0.12
0.21
0.17
0.27
0.25
0.29
0.19
0.23
0.33
0.29
0.35
0.40
0.48
0.15
0.25
0.33
0.31
0.23
0.29
0.35
0.31
0.33
0.31
0.29
0.15
0.27
0.38
0.19
0.25
0.29
0.25
0.33
0.42
0.42
0.40
0.31
0.38
0.19
0.31
0.21
0.19
0.19
0.25
0.21
0.35
0.08
0.29
0.15
0.23
0.33
0.35
0.31
0.29
0.23
0.31
0.17
0.15
0.08
0.23
0.25
0.15
0.19
0.29
0.21
0.19
0.19
0.25
0.19
0.08
0.17
0.25
0.10
0.10
0.08
0.15
0.17
0.12
0.27
0.19
0.27
0.23
0.29
0.29
0.27
0.19
0.17
0.10
0.19
0.21
0.17
0.25
0.40
0.25
0.46
0.44
0.44
0.44
0.31
0.52
0.52
0.42
0.42
0.38
0.46
0.48
0.44
0.35
0.48
0.48
0.40
0.40
0.42
0.35
0.29
0.38
0.33
0.40
0.44
0.42
0.33
0.29
0.23
0.21
0.27
0.38
0.33
0.29
0.44
0.23
0.31
0.23
0.31
0.33
0.29
0.21
0.19
0.38
0.19
0.21
0.17
0.25
0.23
0.23
0.21
0.40
0.23
0.35
0.48
0.46
0.54
0.38
0.29
0.29
0.42
0.50
0.52
0.54
0.35
0.23
0.21
0.38
0.25
0.42
0.33
0.29
0.23
0.23
0.15
0.12
0.19
0.12
0.12
0.21
0.31
0.25
0.19
0.40
0.27
0.21
0.12
0.19
0.08
0.27
0.27
0.25
0.35
0.21
0.29
0.10
0.21
0.17
0.21
0.25
0.27
0.29
0.19
0.15
0.17
0.23
0.17
0.17
0.17
0.25
0.23
0.38
0.21
0.19
0.12
0.12
0.12
0.23
0.19
0.12
0.19
0.25
0.17
0.15
0.00
0.04
0.08
0.04
0.00
0.06
0.06
0.15
0.15
0.08
0.21
0.17
0.12
0.12
0.17
0.10
0.04
