0.00
0.00
0.00
0.00
0.00
0.00
0.00
0.00
0.00
0.10
0.06
0.00
0.04
0.08
0.12
0.04
0.08
0.00
0.12
0.04
0.08
0.19
0.19
0.19
0.15
0.23
0.15
0.15
0.27
0.19
0.19
0.21
0.33
0.27
0.23
0.23
0.23
0.31
0.31
0.23
0.31
0.12
0.10
0.19
0.19
0.23
0.23
0.12
0.27
0.29
0.29
0.17
0.23
0.21
0.25
0.23
0.29
0.21
0.27
0.31
0.33
0.29
0.17
0.19
0.29
0.29
0.17
0.23
0.23
0.23
0.31
0.35
0.31
0.25
0.17
0.31
0.35
0.31
0.29
0.21
0.21
0.29
0.27
0.38
0.33
0.35
0.35
0.42
0.25
0.35
0.31
0.25
0.35
0.19
0.25
0.38
0.27
0.35
0.23
0.38
0.35
0.27
0.33
0.25
0.40
0.40
0.48
0.46
0.35
0.38
0.29
0.33
0.38
0.33
0.35
0.31
0.27
0.33
0.25
0.29
0.25
0.15
0.27
0.27
0.29
0.25
0.35
0.35
0.23
0.31
0.25
0.33
0.23
0.33
0.44
0.27
0.27
0.40
0.33
0.40
0.33
0.40
0.50
0.44
0.42
0.38
0.35
0.44
0.40
0.33
0.31
0.29
0.29
0.29
0.38
0.25
0.25
0.21
0.25
0.17
0.23
0.33
0.10
0.21
0.21
0.25
0.25
0.35
0.29
0.21
0.27
0.04
0.10
0.23
0.42
0.33
0.54
0.46
0.35
0.21
0.25
0.23
0.29
0.33
0.19
0.31
0.27
0.31
0.25
0.31
0.21
0.29
0.33
0.29
0.17
0.19
0.19
0.25
0.29
0.19
0.31
0.21
0.23
0.29
0.40
0.25
0.19
0.25
0.40
0.42
0.31
0.19
0.21
0.23
0.21
0.21
0.31
0.12
0.35
0.25
0.27
0.35
0.23
0.31
0.21
0.29
0.23
0.23
0.25
0.00
0.23
0.23
0.19
0.38
0.40
0.25
0.19
0.27
0.21
0.21
0.12
0.15
0.19
0.17
0.33
0.27
0.40
0.31
0.38
0.38
0.29
0.27
0.33
0.40
0.33
0.31
0.27
0.35
0.35
0.38
0.25
0.21
0.17
0.06
0.19
0.46
0.17
0.17
0.29
0.27
0.31
0.23
0.38
0.21
0.46
0.25
0.35
0.38
0.21
0.27
0.29
0.29
0.27
0.25
0.31
0.31
0.31
0.31
0.31
0.38
0.29
0.40
0.27
0.23
0.27
0.23
0.17
0.17
0.29
0.33
0.31
0.35
0.31
0.35
0.40
0.19
0.31
0.29
0.17
0.19
0.12
0.08
0.27
0.27
0.21
0.35
0.29
0.33
0.23
0.19
0.29
0.27
0.29
0.31
0.25
0.17
0.40
0.44
0.35
0.25
0.33
0.21
0.42
0.27
0.17
0.04
0.25
0.25
0.23
0.27
0.12
0.23
0.12
0.21
0.19
0.31
0.33
0.38
0.33
0.33
0.25
0.38
0.31
0.29
0.29
0.23
0.21
0.35
0.31
0.40
0.33
0.29
0.27
0.35
0.33
0.35
0.27
0.33
0.27
0.23
0.12
0.29
0.33
0.21
0.29
0.23
0.23
0.21
0.19
0.21
0.23
0.19
0.23
0.15
0.06
0.27
0.25
0.29
0.29
0.25
0.35
0.25
0.21
0.33
0.21
0.33
0.21
0.27
0.33
0.38
0.44
0.42
0.23
0.44
0.40
0.42
0.38
0.40
0.42
0.40
0.44
0.42
0.54
0.48
0.38
0.35
0.31
0.33
0.35
0.25
0.35
0.29
0.25
0.31
0.23
0.23
0.29
0.27
0.25
0.29
0.29
0.31
0.29
0.19
0.38
0.31
0.27
0.31
0.29
0.31
0.38
0.19
0.31
0.25
0.25
0.23
0.35
0.31
0.27
0.19
0.27
0.29
0.19
0.40
0.23
0.25
0.27
0.23
0.29
0.33
0.35
0.27
0.31
0.23
0.25
0.25
0.19
0.19
0.19
0.27
0.21
0.15
0.31
0.21
0.29
0.35
0.33
0.44
0.48
0.38
0.42
0.44
0.35
0.38
0.44
0.35
0.35
0.29
0.35
0.33
0.40
0.27
0.33
0.44
0.42
0.33
0.48
0.42
0.40
0.33
0.40
0.35
0.56
0.52
0.46
0.40
0.25
0.42
0.46
