0.00
0.00
0.00
0.00
0.00
0.00
0.00
0.00
0.00
0.08
0.10
0.02
0.23
0.23
0.25
0.27
0.23
0.25
0.12
0.38
0.42
0.29
0.35
0.40
0.44
0.48
0.40
0.23
0.38
0.40
0.40
0.35
0.54
0.42
0.42
0.52
0.50
0.54
0.46
0.50
0.42
0.33
0.44
0.42
0.50
0.46
0.67
0.56
0.54
0.46
0.54
0.52
0.60
0.50
0.58
0.44
0.58
0.58
0.56
0.54
0.52
0.54
0.56
0.46
0.60
0.42
0.40
0.50
0.54
0.48
0.46
0.38
0.65
0.60
0.50
0.60
0.56
0.50
0.48
0.44
0.52
0.44
0.35
0.48
0.52
0.42
0.35
0.38
0.58
0.52
0.46
0.56
0.60
0.52
0.54
0.54
0.62
0.62
0.62
0.65
0.60
0.60
0.44
0.58
0.58
0.56
0.56
0.58
0.62
0.54
0.50
0.50
0.48
0.48
0.62
0.46
0.56
0.52
0.44
0.40
0.46
0.62
0.60
0.56
0.33
0.52
0.38
0.29
0.33
0.27
0.31
0.38
0.50
0.54
0.50
0.56
0.56
0.46
0.46
0.48
0.54
0.52
0.40
0.29
0.46
0.38
0.48
0.56
0.62
0.60
0.67
0.46
0.54
0.62
0.56
0.69
0.65
0.67
0.58
0.65
0.71
0.58
0.69
0.65
0.62
0.60
0.60
0.58
0.65
0.67
0.71
0.69
0.58
0.62
0.46
0.65
0.56
0.58
0.58
0.54
0.52
0.52
0.62
0.69
0.65
0.60
0.69
0.62
0.62
0.54
0.50
0.65
0.71
0.58
0.62
0.71
0.69
0.62
0.67
0.65
0.56
0.50
0.48
0.60
0.62
0.54
0.52
0.46
0.58
0.54
0.62
0.65
0.65
0.58
0.62
0.71
0.69
0.54
0.62
0.73
0.58
0.65
0.58
0.60
0.60
0.69
0.71
0.69
0.73
0.60
0.73
0.67
0.71
0.77
0.60
0.69
0.62
0.67
0.73
0.77
0.75
0.60
0.75
0.73
0.75
0.65
0.60
0.73
0.81
0.69
0.73
0.77
0.77
0.81
0.77
0.73
0.71
0.73
0.60
0.71
0.65
0.71
0.69
0.73
0.75
0.75
0.79
0.73
0.79
0.75
0.79
0.73
0.79
0.75
0.77
0.71
0.77
0.77
0.79
0.79
0.81
0.83
0.81
0.75
0.77
0.81
0.81
0.79
0.79
0.77
0.83
0.83
0.75
0.83
0.79
0.73
0.73
0.67
0.71
0.62
0.54
0.75
0.75
0.77
0.75
0.77
0.71
0.65
0.73
0.42
0.54
0.56
0.67
0.58
0.81
0.71
0.58
0.58
0.79
0.65
0.58
0.62
0.69
0.69
0.73
0.69
0.56
0.65
0.58
0.71
0.77
0.85
0.75
0.79
0.77
0.75
0.75
0.81
0.75
0.75
0.73
0.81
0.77
0.81
0.81
0.81
0.81
0.77
0.81
0.75
0.79
0.81
0.88
0.79
0.83
0.79
0.90
0.90
0.81
0.73
0.77
0.77
0.77
0.71
0.79
0.81
0.79
0.81
0.83
0.83
0.73
0.71
0.75
0.77
0.79
0.77
0.75
0.73
0.75
0.75
0.62
0.71
0.77
0.73
0.77
0.83
0.79
0.79
0.77
0.79
0.77
0.75
0.75
0.77
0.79
0.79
0.71
0.77
0.77
0.77
0.79
0.69
0.71
0.75
0.77
0.73
0.73
0.75
0.77
0.75
0.75
0.73
0.79
0.79
0.79
0.75
0.81
0.77
0.81
0.83
0.83
0.81
0.79
0.83
0.75
0.77
0.83
0.88
0.90
0.81
0.77
0.92
0.81
0.75
0.79
0.71
0.79
0.73
0.73
0.65
0.73
0.83
0.81
0.83
0.73
0.83
0.73
0.65
0.83
0.77
0.75
0.71
0.75
0.81
0.83
0.79
0.83
0.77
0.71
0.73
0.75
0.77
0.83
0.77
0.81
0.77
0.75
0.77
0.79
0.83
0.83
0.83
0.79
0.75
0.77
0.83
0.71
0.73
0.83
0.81
0.71
0.81
0.79
0.79
0.77
0.81
0.83
0.69
0.88
0.83
0.69
0.83
0.79
0.81
0.83
0.90
0.73
0.79
0.90
0.90
0.94
0.88
0.85
0.83
0.88
0.88
0.90
0.90
0.94
