0.00
0.00
0.00
0.00
0.00
0.00
0.00
0.00
0.00
0.12
0.04
0.10
0.25
0.33
0.15
0.21
0.17
0.33
0.52
0.25
0.38
0.33
0.50
0.40
0.52
0.33
0.33
0.38
0.31
0.31
0.42
0.31
0.42
0.27
0.31
0.38
0.44
0.35
0.42
0.46
0.33
0.33
0.23
0.35
0.35
0.33
0.35
0.42
0.40
0.50
0.35
0.48
0.31
0.29
0.44
0.33
0.15
0.23
0.46
0.35
0.50
0.31
0.40
0.44
0.54
0.50
0.50
0.48
0.52
0.54
0.58
0.50
0.40
0.56
0.56
0.44
0.33
0.48
0.42
0.48
0.38
0.40
0.38
0.44
0.33
0.50
0.50
0.65
0.58
0.65
0.54
0.65
0.52
0.50
0.60
0.62
0.69
0.69
0.50
0.73
0.67
0.50
0.58
0.42
0.60
0.56
0.65
0.75
0.77
0.75
0.71
0.73
0.58
0.65
0.56
0.52
0.54
0.52
0.48
0.54
0.65
0.56
0.58
0.56
0.44
0.44
0.65
0.52
0.50
0.29
0.46
0.48
0.40
0.52
0.46
0.40
0.35
0.46
0.48
0.54
0.62
0.52
0.62
0.58
0.67
0.62
0.60
0.58
0.56
0.67
0.58
0.56
0.69
0.56
0.65
0.62
0.71
0.67
0.75
0.71
0.69
0.67
0.60
0.67
0.65
0.62
0.58
0.65
0.60
0.73
0.65
0.60
0.65
0.73
0.73
0.75
0.79
0.88
0.71
0.73
0.79
0.79
0.77
0.65
0.81
0.75
0.69
0.67
0.73
0.58
0.67
0.77
0.69
0.77
0.65
0.62
0.65
0.60
0.65
0.58
0.69
0.75
0.56
0.69
0.62
0.62
0.52
0.77
0.65
0.67
0.77
0.56
0.62
0.73
0.73
0.71
0.62
0.71
0.71
0.60
0.67
0.67
0.71
0.69
0.67
0.60
0.67
0.79
0.71
0.60
0.50
0.65
0.58
0.62
0.60
0.56
0.65
0.56
0.54
0.60
0.60
0.75
0.73
0.77
0.73
0.73
0.77
0.75
0.62
0.79
0.67
0.62
0.54
0.65
0.69
0.67
0.69
0.67
0.58
0.58
0.73
0.71
0.71
0.79
0.71
0.69
0.79
0.65
0.75
0.77
0.81
0.83
0.81
0.81
0.75
0.79
0.79
0.79
0.88
0.90
0.81
0.85
0.85
0.79
0.83
0.83
0.79
0.81
0.83
0.81
0.83
0.85
0.77
0.77
0.81
0.81
0.85
0.75
0.73
0.75
0.85
0.75
0.81
0.79
0.67
0.73
0.75
0.85
0.81
0.83
0.83
0.77
0.77
0.85
0.77
0.85
0.83
0.77
0.77
0.71
0.77
0.77
0.77
0.77
0.77
0.81
0.73
0.60
0.79
0.81
0.73
0.75
0.73
0.77
0.71
0.77
0.67
0.71
0.71
0.54
0.69
0.56
0.69
0.77
0.77
0.79
0.73
0.69
0.75
0.71
0.77
0.75
0.83
0.77
0.65
0.71
0.81
0.77
0.67
0.69
0.67
0.71
0.73
0.67
0.73
0.81
0.73
0.69
0.75
0.73
0.77
0.71
0.73
0.67
0.79
0.71
0.65
0.75
0.75
0.65
0.54
0.73
0.77
0.77
0.79
0.73
0.85
0.85
0.81
0.75
0.77
0.75
0.75
0.81
0.75
0.75
0.73
0.73
0.75
0.77
0.73
0.69
0.75
0.75
0.69
0.67
0.69
0.71
0.73
0.73
0.71
0.67
0.71
0.69
0.77
0.69
0.75
0.79
0.71
0.71
0.77
0.75
0.75
0.75
0.75
0.71
0.69
0.67
0.73
0.67
0.75
0.67
0.65
0.46
0.77
0.73
0.71
0.65
0.67
0.75
0.73
0.69
0.71
0.75
0.69
0.77
0.65
0.52
0.71
0.67
0.67
0.65
0.67
0.77
0.69
0.75
0.69
0.69
0.73
0.71
0.58
0.71
0.75
0.71
0.75
0.75
0.67
0.79
0.73
0.65
0.65
0.67
0.67
0.56
0.73
0.79
0.54
0.75
0.75
0.52
0.52
0.62
0.69
0.73
0.77
0.67
0.69
0.62
0.65
0.67
0.62
0.73
0.77
0.73
0.73
0.79
0.83
0.81
0.88
0.85
0.77
0.81
0.81
0.83
0.75
0.77
0.81
0.83
0.81
