0.00
0.00
0.00
0.00
0.00
0.00
0.00
0.00
0.00
0.08
0.04
0.10
0.21
0.17
0.25
0.19
0.27
0.33
0.25
0.25
0.27
0.38
0.35
0.31
0.50
0.38
0.44
0.52
0.46
0.50
0.44
0.52
0.48
0.54
0.56
0.42
0.48
0.44
0.42
0.42
0.52
0.46
0.46
0.42
0.56
0.50
0.52
0.56
0.46
0.42
0.38
0.40
0.50
0.46
0.42
0.62
0.52
0.56
0.65
0.56
0.33
0.42
0.56
0.62
0.54
0.60
0.48
0.48
0.46
0.44
0.44
0.48
0.29
0.46
0.54
0.42
0.44
0.54
0.56
0.52
0.58
0.67
0.50
0.67
0.48
0.67
0.56
0.46
0.52
0.56
0.58
0.58
0.58
0.54
0.52
0.65
0.69
0.62
0.65
0.48
0.44
0.52
0.67
0.60
0.58
0.65
0.58
0.62
0.65
0.58
0.60
0.71
0.71
0.65
0.67
0.67
0.67
0.67
0.69
0.77
0.67
0.62
0.75
0.69
0.77
0.75
0.79
0.73
0.69
0.67
0.52
0.67
0.58
0.69
0.79
0.81
0.75
0.77
0.69
0.77
0.65
0.77
0.75
0.71
0.73
0.69
0.71
0.75
0.67
0.58
0.62
0.65
0.67
0.65
0.60
0.65
0.75
0.69
0.79
0.71
0.75
0.77
0.71
0.75
0.85
0.73
0.88
0.77
0.79
0.69
0.88
0.75
0.71
0.67
0.65
0.69
0.77
0.75
0.56
0.54
0.54
0.60
0.54
0.67
0.67
0.56
0.40
0.58
0.40
0.62
0.54
0.42
0.58
0.44
0.65
0.56
0.67
0.58
0.69
0.60
0.69
0.79
0.58
0.50
0.69
0.75
0.67
0.69
0.62
0.60
0.60
0.42
0.54
0.54
0.65
0.67
0.48
0.73
0.60
0.67
0.60
0.67
0.69
0.67
0.65
0.56
0.56
0.58
0.52
0.71
0.67
0.67
0.69
0.65
0.65
0.60
0.65
0.69
0.67
0.71
0.67
0.60
0.79
0.69
0.83
0.79
0.75
0.62
0.71
0.75
0.65
0.71
0.73
0.67
0.77
0.71
0.67
0.75
0.62
0.46
0.79
0.65
0.67
0.60
0.67
0.65
0.65
0.58
0.60
0.77
0.77
0.75
0.79
0.79
0.75
0.77
0.88
0.83
0.79
0.79
0.79
0.81
0.77
0.85
0.81
0.81
0.77
0.73
0.75
0.77
0.62
0.73
0.71
0.79
0.58
0.69
0.81
0.79
0.73
0.77
0.73
0.71
0.73
0.75
0.69
0.77
0.79
0.81
0.81
0.79
0.79
0.81
0.77
0.81
0.73
0.75
0.69
0.73
0.75
0.73
0.73
0.79
0.73
0.88
0.77
0.79
0.71
0.62
0.58
0.67
0.67
0.75
0.69
0.77
0.81
0.73
0.75
0.71
0.79
0.79
0.85
0.77
0.77
0.77
0.81
0.77
0.73
0.83
0.85
0.77
0.75
0.77
0.75
0.73
0.77
0.73
0.77
0.71
0.77
0.73
0.83
0.83
0.83
0.81
0.81
0.69
0.79
0.75
0.71
0.83
0.81
0.73
0.81
0.73
0.77
0.79
0.79
0.79
0.75
0.75
0.75
0.67
0.75
0.79
0.79
0.81
0.77
0.67
0.65
0.67
0.73
0.67
0.71
0.67
0.75
0.65
0.65
0.67
0.79
0.69
0.71
0.67
0.71
0.71
0.75
0.81
0.73
0.73
0.69
0.69
0.60
0.73
0.71
0.71
0.79
0.83
0.81
0.83
0.81
0.81
0.79
0.85
0.88
0.92
0.90
0.83
0.90
0.81
0.88
0.85
0.88
0.85
0.85
0.88
0.81
0.85
0.83
0.83
0.79
0.73
0.75
0.65
0.75
0.67
0.79
0.77
0.79
0.85
0.81
0.79
0.79
0.79
0.83
0.65
0.77
0.75
0.85
0.77
0.81
0.85
0.83
0.83
0.81
0.79
0.83
0.88
0.92
0.90
0.85
0.88
0.83
0.94
0.92
0.92
0.73
0.83
0.79
0.65
0.85
0.83
0.83
0.85
0.88
0.77
0.75
0.71
0.81
0.75
0.79
0.77
0.88
0.92
0.65
0.73
0.81
0.83
0.69
0.69
0.81
0.75
0.83
0.79
0.77
0.77
0.83
0.73
0.77
0.81
0.69
