0.00
0.00
0.00
0.00
0.00
0.00
0.00
0.00
0.00
0.10
0.10
0.21
0.21
0.25
0.19
0.19
0.23
0.42
0.46
0.58
0.54
0.50
0.46
0.56
0.56
0.52
0.52
0.52
0.56
0.52
0.58
0.52
0.62
0.62
0.58
0.50
0.52
0.50
0.56
0.50
0.60
0.52
0.65
0.69
0.65
0.62
0.58
0.60
0.60
0.58
0.54
0.42
0.56
0.54
0.52
0.38
0.42
0.56
0.52
0.33
0.52
0.54
0.52
0.60
0.58
0.69
0.67
0.62
0.71
0.67
0.67
0.62
0.71
0.69
0.73
0.73
0.73
0.73
0.73
0.71
0.71
0.73
0.77
0.75
0.77
0.83
0.75
0.71
0.75
0.77
0.77
0.79
0.75
0.81
0.81
0.81
0.79
0.77
0.77
0.75
0.77
0.69
0.73
0.71
0.71
0.77
0.77
0.79
0.75
0.79
0.77
0.79
0.75
0.71
0.71
0.77
0.77
0.77
0.79
0.73
0.77
0.77
0.81
0.73
0.77
0.79
0.77
0.71
0.77
0.79
0.77
0.79
0.79
0.79
0.79
0.88
0.88
0.77
0.75
0.77
0.79
0.81
0.77
0.77
0.77
0.79
0.79
0.77
0.77
0.79
0.79
0.79
0.77
0.79
0.73
0.79
0.83
0.81
0.81
0.77
0.79
0.73
0.73
0.73
0.83
0.88
0.83
0.83
0.90
0.92
0.90
0.85
0.90
0.90
0.85
0.90
0.90
0.81
0.88
0.90
0.79
0.92
0.90
0.90
0.88
0.85
0.88
0.88
0.92
0.94
0.94
0.92
0.94
0.94
0.92
0.90
0.92
0.90
0.92
0.92
0.92
0.90
0.94
0.94
0.94
0.94
0.94
0.94
0.94
0.92
0.92
0.94
0.92
0.92
0.92
0.90
0.94
0.92
0.94
0.94
0.83
0.92
0.90
0.94
0.88
0.90
0.92
0.92
0.90
0.81
0.88
0.85
0.90
0.90
0.81
0.88
0.85
0.88
0.90
0.90
0.88
0.88
0.92
0.88
0.85
0.90
0.85
0.92
0.90
0.85
0.83
0.83
0.79
0.77
0.81
0.77
0.75
0.73
0.75
0.81
0.83
0.83
0.83
0.85
0.88
0.83
0.81
0.75
0.75
0.81
0.75
0.79
0.83
0.83
0.77
0.77
0.75
0.77
0.81
0.79
0.81
0.81
0.79
0.85
0.81
0.85
0.85
0.85
0.81
0.83
0.88
0.83
0.88
0.85
0.83
0.83
0.88
0.90
0.92
0.92
0.90
0.88
0.81
0.90
0.79
0.88
0.81
0.79
0.79
0.83
0.83
0.81
0.83
0.85
0.83
0.88
0.85
0.88
0.90
0.85
0.90
0.88
0.88
0.83
0.88
0.94
0.85
0.90
0.77
0.90
0.88
0.88
0.92
0.81
0.83
0.85
0.85
0.94
0.94
0.94
0.88
0.90
0.92
0.90
0.92
0.94
0.94
0.92
0.92
0.90
0.90
0.90
0.92
0.90
0.92
0.94
0.92
0.94
0.94
0.94
0.85
0.90
0.94
0.94
0.94
0.92
0.92
0.92
0.92
0.92
0.90
0.92
0.90
0.92
0.90
0.92
0.94
0.94
0.96
0.94
0.96
0.96
0.94
0.96
0.92
0.96
0.96
0.94
0.94
0.96
0.94
0.92
0.96
0.94
0.96
0.96
0.96
0.94
0.96
0.90
0.94
0.94
0.92
0.90
0.92
0.92
0.92
0.94
0.88
0.94
0.90
0.92
0.92
0.94
0.88
0.90
0.85
0.92
0.85
0.83
0.90
0.85
0.75
0.92
0.88
0.83
0.79
0.77
0.81
0.85
0.83
0.83
0.75
0.90
0.96
0.96
0.94
0.92
0.92
0.94
0.90
0.92
0.92
0.90
0.96
0.96
0.85
0.94
0.90
0.90
0.88
0.94
0.94
0.94
0.94
0.96
0.94
0.90
0.94
0.88
0.85
0.92
0.92
0.92
0.88
0.90
0.85
0.81
0.75
0.88
0.88
0.85
0.73
0.75
0.83
0.83
0.83
0.85
0.81
0.88
0.90
0.88
0.83
0.88
0.85
0.85
0.81
0.83
0.85
0.88
0.79
0.73
0.75
0.83
0.85
0.85
0.77
0.85
0.81
0.79
0.81
0.75
0.83
0.81
0.83
0.75
0.79
0.79
0.79
