0.00
0.00
0.00
0.00
0.00
0.00
0.00
0.00
0.00
0.00
0.12
0.06
0.19
0.33
0.29
0.23
0.35
0.42
0.48
0.40
0.35
0.35
0.38
0.31
0.38
0.40
0.40
0.50
0.50
0.46
0.21
0.29
0.29
0.40
0.48
0.40
0.40
0.38
0.42
0.33
0.27
0.35
0.46
0.35
0.33
0.46
0.50
0.40
0.27
0.35
0.42
0.40
0.35
0.31
0.31
0.38
0.31
0.44
0.44
0.35
0.54
0.54
0.46
0.42
0.58
0.52
0.52
0.52
0.67
0.54
0.56
0.56
0.67
0.62
0.58
0.75
0.73
0.73
0.79
0.73
0.71
0.77
0.73
0.73
0.75
0.77
0.75
0.73
0.67
0.65
0.73
0.67
0.65
0.77
0.56
0.60
0.69
0.73
0.75
0.75
0.81
0.79
0.73
0.81
0.77
0.75
0.83
0.77
0.77
0.60
0.69
0.69
0.83
0.75
0.81
0.75
0.67
0.75
0.81
0.67
0.85
0.79
0.92
0.81
0.79
0.85
0.69
0.81
0.88
0.83
0.81
0.85
0.75
0.77
0.88
0.90
0.83
0.94
0.90
0.88
0.92
0.88
0.94
0.94
0.88
0.90
0.92
0.92
0.90
0.94
0.88
0.92
0.92
0.92
0.92
0.96
0.92
0.96
0.92
0.90
0.92
0.92
0.96
0.96
0.96
0.98
0.96
0.96
0.88
0.88
0.94
0.98
0.96
0.96
0.90
0.94
0.83
0.88
0.96
0.85
0.92
0.83
0.83
0.83
0.96
0.98
0.92
0.92
0.92
0.94
0.94
0.92
0.94
0.90
0.85
0.88
0.92
0.85
0.79
0.90
0.90
0.81
0.96
0.88
0.94
0.92
0.92
0.94
0.88
0.90
0.90
0.90
0.88
0.85
0.85
0.88
0.85
0.81
0.85
0.90
0.83
0.92
0.92
0.83
0.81
0.92
0.85
0.85
0.92
0.90
0.92
0.90
0.88
0.79
0.88
0.85
0.83
0.90
0.92
0.90
0.85
0.96
0.96
0.92
0.88
0.88
0.92
0.81
0.83
0.85
0.83
0.92
0.94
0.94
0.92
0.92
0.92
0.96
0.96
0.96
0.83
0.73
0.83
0.81
0.88
0.77
0.81
0.81
0.85
0.85
0.83
0.88
0.98
0.90
0.90
0.88
0.81
0.98
0.90
0.88
0.90
0.96
0.94
0.96
0.88
0.96
0.94
0.94
0.96
0.94
0.90
0.92
0.94
0.98
0.94
0.94
0.96
0.98
0.88
0.92
0.90
0.92
0.88
0.90
0.88
0.85
0.90
0.90
0.85
0.88
0.90
0.88
0.88
0.85
0.92
0.94
0.90
0.92
0.85
0.85
0.85
0.88
0.88
0.83
0.94
0.90
0.88
0.90
0.83
0.96
0.96
0.98
1.00
0.98
0.90
0.94
0.90
0.83
0.90
0.88
0.88
0.90
0.83
0.79
0.85
0.92
0.90
0.90
0.94
0.90
0.92
0.90
0.88
0.96
0.92
0.88
0.79
0.62
0.79
0.88
0.83
0.94
0.83
0.79
0.79
0.77
0.88
0.52
0.88
0.92
0.79
0.79
0.83
0.73
0.75
0.75
0.85
0.85
0.79
0.79
0.71
0.71
0.83
0.90
0.81
0.79
0.88
0.81
0.83
0.77
0.83
0.75
0.75
0.81
0.94
0.81
0.88
0.85
0.90
0.88
0.92
0.90
0.90
0.94
0.94
0.94
0.92
0.96
0.96
0.88
0.90
0.94
0.88
0.96
0.94
0.92
0.79
0.88
0.88
0.85
0.83
0.90
0.83
0.85
0.88
0.88
0.90
0.92
0.85
0.88
0.85
0.81
0.81
0.81
0.88
0.81
0.90
0.85
0.85
0.75
0.79
0.77
0.88
0.75
0.73
0.85
0.88
0.88
0.85
0.85
0.85
0.79
0.73
0.94
0.96
0.94
0.94
0.92
0.90
0.92
0.85
0.94
0.94
0.88
0.90
0.90
0.90
0.94
0.92
0.85
0.90
0.94
0.75
0.90
0.90
0.94
0.88
0.92
0.81
0.90
0.90
0.92
0.88
0.92
0.92
0.96
0.98
0.92
0.83
0.90
0.94
0.94
0.96
0.90
0.90
0.98
0.92
0.92
0.96
0.96
0.92
0.96
0.96
0.94
0.94
0.92
0.90
0.96
0.88
