0.00
0.00
0.00
0.00
0.00
0.00
0.00
0.00
0.00
0.04
0.04
0.10
0.08
0.17
0.10
0.33
0.19
0.33
0.31
0.21
0.21
0.15
0.27
0.31
0.19
0.31
0.29
0.40
0.29
0.31
0.38
0.44
0.46
0.44
0.35
0.42
0.40
0.33
0.40
0.38
0.25
0.42
0.40
0.44
0.44
0.29
0.50
0.52
0.52
0.56
0.29
0.31
0.44
0.29
0.38
0.46
0.48
0.46
0.38
0.44
0.29
0.38
0.42
0.50
0.52
0.46
0.60
0.50
0.58
0.48
0.52
0.54
0.46
0.54
0.52
0.58
0.69
0.69
0.67
0.69
0.69
0.56
0.54
0.60
0.52
0.62
0.73
0.73
0.65
0.65
0.62
0.52
0.56
0.58
0.79
0.69
0.77
0.81
0.69
0.71
0.75
0.65
0.75
0.71
0.73
0.69
0.71
0.69
0.65
0.71
0.75
0.73
0.75
0.75
0.71
0.79
0.69
0.69
0.69
0.75
0.85
0.65
0.62
0.58
0.65
0.60
0.81
0.77
0.65
0.79
0.52
0.58
0.62
0.52
0.77
0.69
0.69
0.69
0.71
0.62
0.77
0.73
0.71
0.60
0.67
0.73
0.69
0.73
0.69
0.71
0.75
0.73
0.75
0.73
0.79
0.75
0.73
0.75
0.73
0.58
0.73
0.60
0.58
0.69
0.67
0.67
0.69
0.62
0.62
0.54
0.52
0.67
0.67
0.54
0.60
0.65
0.62
0.75
0.56
0.69
0.56
0.60
0.75
0.44
0.52
0.54
0.50
0.46
0.60
0.48
0.40
0.56
0.54
0.50
0.50
0.56
0.52
0.48
0.60
0.69
0.67
0.58
0.71
0.67
0.79
0.71
0.77
0.77
0.75
0.73
0.67
0.69
0.69
0.69
0.77
0.67
0.69
0.62
0.69
0.73
0.65
0.69
0.65
0.56
0.58
0.73
0.71
0.65
0.65
0.58
0.58
0.56
0.52
0.54
0.56
0.62
0.54
0.44
0.42
0.44
0.56
0.60
0.38
0.56
0.65
0.44
0.46
0.62
0.65
0.48
0.56
0.62
0.42
0.42
0.40
0.60
0.73
0.62
0.60
0.62
0.60
0.71
0.52
0.58
0.67
0.56
0.54
0.71
0.62
0.62
0.60
0.67
0.65
0.62
0.65
0.62
0.54
0.54
0.60
0.58
0.56
0.54
0.58
0.60
0.71
0.71
0.60
0.69
0.77
0.71
0.77
0.75
0.67
0.62
0.65
0.65
0.65
0.62
0.52
0.60
0.60
0.65
0.52
0.44
0.48
0.46
0.56
0.46
0.56
0.62
0.58
0.54
0.54
0.52
0.44
0.38
0.40
0.56
0.73
0.54
0.44
0.46
0.60
0.58
0.58
0.35
0.35
0.48
0.69
0.60
0.65
0.69
0.58
0.46
0.46
0.58
0.67
0.50
0.50
0.65
0.67
0.62
0.65
0.62
0.62
0.65
0.56
0.62
0.67
0.73
0.73
0.75
0.58
0.65
0.71
0.60
0.73
0.65
0.58
0.44
0.35
0.48
0.60
0.62
0.62
0.46
0.44
0.69
0.67
0.44
0.56
0.58
0.71
0.67
0.75
0.62
0.62
0.62
0.54
0.71
0.75
0.79
0.62
0.65
0.62
0.62
0.58
0.65
0.69
0.54
0.75
0.71
0.65
0.62
0.58
0.67
0.58
0.65
0.69
0.52
0.60
0.77
0.67
0.60
0.54
0.71
0.54
0.62
0.46
0.69
0.69
0.69
0.81
0.83
0.69
0.79
0.75
0.73
0.71
0.67
0.71
0.77
0.81
0.67
0.75
0.77
0.71
0.77
0.81
0.67
0.71
0.71
0.65
0.83
0.90
0.75
0.77
0.79
0.83
0.81
0.79
0.77
0.75
0.67
0.75
0.58
0.73
0.79
0.75
0.69
0.79
0.56
0.60
0.58
0.62
0.44
0.58
0.73
0.58
0.56
0.60
0.65
0.71
0.79
0.81
0.79
0.81
0.77
0.88
0.69
0.65
0.65
0.81
0.77
0.65
0.81
0.71
0.75
0.77
0.73
0.79
0.81
0.73
0.77
0.77
0.75
0.73
0.71
0.71
0.73
0.67
0.77
0.67
0.73
0.69
0.62
0.79
0.71
0.73
0.71
0.75
0.77
0.54
0.73
0.69
0.77
0.73
0.75
0.75
