0.00
0.00
0.00
0.00
0.00
0.00
0.00
0.00
0.00
0.00
0.08
0.25
0.21
0.21
0.35
0.40
0.33
0.40
0.40
0.35
0.38
0.25
0.25
0.29
0.38
0.35
0.46
0.38
0.29
0.50
0.54
0.54
0.56
0.56
0.50
0.46
0.50
0.48
0.58
0.60
0.48
0.50
0.48
0.42
0.50
0.62
0.54
0.48
0.62
0.60
0.67
0.67
0.65
0.65
0.54
0.60
0.62
0.60
0.58
0.62
0.67
0.60
0.60
0.62
0.62
0.50
0.58
0.69
0.69
0.75
0.65
0.60
0.67
0.71
0.77
0.65
0.75
0.77
0.83
0.77
0.75
0.75
0.75
0.79
0.79
0.77
0.75
0.79
0.75
0.77
0.77
0.81
0.81
0.79
0.85
0.75
0.77
0.83
0.81
0.83
0.81
0.81
0.79
0.79
0.75
0.73
0.75
0.81
0.75
0.73
0.73
0.75
0.81
0.79
0.75
0.65
0.77
0.81
0.81
0.83
0.75
0.73
0.81
0.75
0.77
0.83
0.69
0.83
0.83
0.83
0.85
0.79
0.88
0.90
0.83
0.75
0.85
0.81
0.73
0.85
0.81
0.77
0.81
0.79
0.83
0.83
0.79
0.83
0.83
0.73
0.83
0.77
0.81
0.81
0.77
0.83
0.85
0.77
0.73
0.77
0.83
0.77
0.77
0.81
0.77
0.73
0.81
0.81
0.79
0.79
0.79
0.69
0.75
0.75
0.79
0.79
0.81
0.81
0.77
0.83
0.79
0.83
0.85
0.83
0.81
0.90
0.90
0.85
0.88
0.88
0.88
0.85
0.90
0.85
0.88
0.85
0.85
0.85
0.88
0.88
0.90
0.90
0.88
0.85
0.83
0.88
0.77
0.75
0.88
0.83
0.88
0.88
0.83
0.88
0.90
0.88
0.88
0.88
0.83
0.81
0.81
0.83
0.88
0.79
0.79
0.88
0.90
0.85
0.81
0.77
0.88
0.88
0.88
0.90
0.90
0.88
0.90
0.88
0.90
0.88
0.88
0.88
0.90
0.77
0.92
0.85
0.90
0.90
0.81
0.85
0.85
0.90
0.92
0.90
0.92
0.92
0.92
0.90
0.94
0.88
0.88
0.92
0.92
0.94
0.90
0.90
0.88
0.92
0.92
0.94
0.88
0.88
0.88
0.88
0.92
0.94
0.94
0.94
0.90
0.92
0.96
0.96
0.92
0.90
0.90
0.85
0.94
0.83
0.81
0.94
0.90
0.88
0.90
0.88
0.90
0.90
0.81
0.85
0.88
0.90
0.88
0.85
0.77
0.85
0.85
0.90
0.88
0.88
0.88
0.85
0.90
0.85
0.85
0.85
0.90
0.88
0.79
0.81
0.85
0.88
0.88
0.85
0.85
0.85
0.85
0.83
0.81
0.83
0.79
0.88
0.83
0.83
0.75
0.79
0.90
0.90
0.85
0.83
0.85
0.88
0.85
0.85
0.90
0.88
0.90
0.90
0.90
0.83
0.88
0.83
0.88
0.81
0.67
0.79
0.85
0.79
0.83
0.83
0.81
0.83
0.85
0.85
0.83
0.77
0.81
0.77
0.83
0.90
0.88
0.85
0.88
0.83
0.90
0.90
0.90
0.88
0.90
0.92
0.90
0.92
0.94
0.92
0.92
0.90
0.92
0.90
0.88
0.90
0.90
0.92
0.90
0.90
0.90
0.90
0.88
0.88
0.85
0.90
0.90
0.92
0.94
0.92
0.90
0.88
0.96
0.92
0.92
0.92
0.92
0.92
0.90
0.90
0.85
0.85
0.81
0.88
0.88
0.88
0.90
0.88
0.85
0.88
0.92
0.92
0.88
0.90
0.85
0.92
0.92
0.92
0.92
0.90
0.88
0.88
0.88
0.92
0.90
0.88
0.92
0.83
0.79
0.88
0.79
0.94
0.85
0.94
0.92
0.94
0.94
0.94
0.94
0.94
0.92
0.94
0.94
0.94
0.94
0.94
0.92
0.94
0.94
0.81
0.94
0.92
0.94
0.96
0.96
0.94
0.94
0.94
0.92
0.90
0.90
0.81
0.90
0.81
0.79
0.90
0.88
0.83
0.92
0.83
0.88
0.90
0.88
0.90
0.88
0.85
0.90
0.88
0.92
0.90
0.90
0.88
0.88
0.90
0.83
0.92
0.85
0.79
0.79
0.90
0.92
0.85
0.92
0.92
0.94
0.94
0.92
